814
4 5357 5782 8278 8594
4 5121 3803 566 8739
4 8148 2500 7844 1289
4 6404 7890 9500 8836
4 421 1703 9097 1518
4 2589 7365 1513 6998
4 5913 8645 9171 418
4 5583 8633 1149 627
4 6255 2022 6607 8381
4 9906 2722 1326 9051
4 8785 9050 3210 6921
4 3629 4891 7626 4422
4 6584 8388 5060 2569
4 7710 2382 9204 8546
4 1737 7252 8412 6339
4 3987 9985 2110 6743
4 7529 5187 1878 3754
4 5231 8570 5585 5281
4 2094 1404 4664 7022
4 4386 274 6429 3444
4 5796 2898 5811 6142
4 9487 8879 8441 6686
4 6735 1732 9101 2083
4 8197 7329 1954 5453
4 1756 562 2520 871
4 2584 1793 3787 4224
4 8754 2120 7992 9229
4 998 5260 9321 4929
4 2395 6242 7086 7067
4 6655 6411 4821 2889
4 2861 5134 1987 538
4 6312 3038 1130 7066
4 59 5182 6635 734
4 7923 2173 3327 1551
4 7569 9807 3993 3205
4 7704 9230 6420 6185
4 5515 462 5747 1622
4 9612 335 8064 8951
4 6632 3838 4019 4813
4 7444 1892 5917 1350
4 8873 3509 1654 7639
4 7262 784 3425 575
4 8452 9361 7669 3088
4 2489 3235 2390 5611
4 7796 7177 9717 1166
4 5905 4669 4103 5430
4 398 9313 7427 3383
4 8407 2903 1501 4843
4 820 3131 2427 7481
4 1729 199 3186 1652
4 604 150 2563 256
4 6459 2878 6456 6343
4 9004 5951 4653 9554
4 1248 6952 5045 2252
4 7549 8502 8761 3321
4 7064 8212 444 3059
4 4848 6068 2357 9248
4 5886 2333 1227 8405
4 8603 6452 6432 7228
4 8733 270 9296 5299
4 8189 1646 2057 9793
4 8437 7194 8875 6290
4 9354 2417 9844 4132
4 9529 5950 9406 2974
4 6839 343 2689 2662
4 9213 7694 8165 7488
4 1524 3704 7580 5906
4 4449 1869 9617 5316
4 4318 3824 7864 5014
4 4574 365 3610 4906
4 5744 3012 3854 9055
4 9483 2059 22 9270
4 4100 7653 258 4691
4 6823 70 866 959
4 3904 6090 9771 3017
4 4233 7951 8694 7321
4 3626 1751 69 194
4 7108 1678 3584 1290
4 8479 8629 1696 319
4 5416 2987 5718 1335
4 9620 1898 3313 5340
4 1287 359 2035 342
4 2545 4662 983 7129
4 6476 4694 1638 508
4 9383 5200 349 1937
4 4004 2632 5599 1700
4 3697 1376 6917 4520
4 1396 7695 4675 833
4 9131 5732 7309 4860
4 5427 6264 8934 6614
4 4041 8129 669 8732
4 370 6430 4163 1917
4 973 7117 7903 582
4 2061 1475 6920 4630
4 847 3412 6294 200
4 3015 554 3539 8686
4 2155 840 3821 2153
4 4644 1220 9022 4032
4 4863 3674 1133 8001
4 9247 6366 1485 795
4 7792 4047 9346 7033
4 6668 4325 618 1177
4 3135 9413 7906 2231
4 4631 906 5771 6279
4 2222 7036 568 5979
4 1492 7237 4804 3949
4 9618 5240 8863 1180
4 2752 926 7642 7337
4 5363 3743 1029 8877
4 7168 2490 545 5727
4 2687 5146 9338 179
4 2843 9013 1836 2464
4 5570 9038 6846 5534
4 44 101 845 1731
4 453 8222 7132 7251
4 2117 8821 6141 7783
4 8284 32 2731 2170
4 1561 78 7962 781
4 7100 4078 9570 6434
4 461 9486 6513 1305
4 3505 1084 2237 1665
4 8775 4352 2502 8742
4 9765 3347 9651 1119
4 1423 9858 550 7408
4 3295 3559 2812 5262
4 4036 4340 1120 6307
4 2932 3265 3744 3292
4 8287 919 1978 5265
4 1385 4814 2852 6039
4 6640 9047 3213 9297
4 8004 9519 3332 3438
4 8854 2148 4746 4438
4 3273 602 8770 8135
4 5616 6097 6213 1897
4 8591 1587 9205 5635
4 3715 2946 6629 6902
4 2345 7966 7899 347
4 2096 1768 8089 1226
4 5918 2399 2570 292
4 6639 3809 5148 2512
4 9813 8326 415 7706
4 674 5731 8806 5745
4 3420 2294 6697 3247
4 1556 5330 2425 2602
4 5090 3887 9613 4939
4 7936 590 757 2378
4 666 6053 2303 2384
4 2331 4031 5005 5696
4 2935 3818 1781 6796
4 4695 40 4172 203
4 5251 7457 8734 472
4 2598 6778 4001 7658
4 3825 8977 8316 4628
4 6762 4000 733 4621
4 1677 7600 8525 9102
4 9959 1593 3402 9636
4 1081 620 2835 9380
4 1114 842 2232 9172
4 4147 6960 5140 1063
4 6756 3728 7491 4344
4 5001 5584 4914 4605
4 5592 4245 9362 6551
4 8384 240 487 1270
4 8689 4679 8355 5268
4 8119 4215 9157 8309
4 1388 146 6096 5304
4 6196 689 1100 3917
4 7525 221 7014 361
4 9818 4711 9737 6901
4 864 7828 1137 3411
4 5989 7924 5702 886
4 683 4221 9152 8011
4 948 6256 6544 5844
4 4106 2649 2990 184
4 6613 4839 8573 3782
4 3942 6175 7510 9282
4 5526 1853 6675 1804
4 9888 6102 1983 3716
4 8911 3364 3208 173
4 8320 9716 5699 3866
4 4194 8449 4544 3620
4 4473 2837 828 2947
4 5083 7430 4095 2280
4 5211 9637 6189 5100
4 9128 3428 8028 61
4 3149 7663 9711 8599
4 5052 9471 500 4297
4 7369 24 1656 643
4 8585 7454 123 6701
4 936 3368 7807 268
4 2459 2006 726 2586
4 2819 9122 819 6841
4 7515 900 6963 9816
4 8777 2495 2184 5783
4 132 8823 5741 9604
4 2968 6478 7758 3534
4 4670 2437 3439 6631
4 7819 2555 2324 8975
4 2246 1381 8393 2318
4 3484 5980 2227 3267
4 7577 8438 1271 4220
4 962 2601 7096 1679
4 876 7105 982 972
4 7863 2565 739 6682
4 8240 2144 8410 148
4 8814 1090 3491 8796
4 2723 4328 8572 9491
4 7939 4708 8268 9775
4 7368 3926 2264 3307
4 752 2074 9993 867
4 8837 2329 9846 4950
4 9256 7991 8981 9927
4 3457 9468 9329 3662
4 8991 5730 7693 2386
4 110 9137 4646 862
4 8392 8133 6304 8128
4 3176 5615 3281 5736
4 7208 7876 5212 7416
4 7290 9429 4935 9577
4 7950 7471 7957 2483
4 371 6326 4714 1880
4 2196 9703 279 8141
4 2728 8196 1848 800
4 7101 4187 4311 598
4 684 9123 7546 4699
4 8636 7954 2466 5399
4 281 4208 3504 8473
4 2212 6637 4537 8756
4 4808 4307 2595 5343
4 8641 4502 3124 108
4 9267 6051 5368 3705
4 5791 9201 6258 6398
4 63 1519 9810 9759
4 2499 7037 9085 4323
4 6240 2467 1669 388
4 5602 321 1086 9556
4 9614 6585 4856 3169
4 714 9689 8727 4427
4 2475 3052 827 9742
4 3656 7943 5643 2447
4 4090 4639 4811 5471
4 7259 4627 8027 5828
4 1101 1827 4217 4175
4 2064 3060 1806 2105
4 9019 960 2671 9100
4 4916 5536 3849 894
4 5651 3299 7349 3827
4 9894 9048 4894 8771
4 1013 9633 9114 1479
4 3678 7426 691 8282
4 7834 7990 937 8793
4 839 2854 5800 1624
4 1491 4706 7640 9301
4 2548 860 4308 2793
4 3024 7424 1409 8556
4 3765 4635 5279 5377
4 5048 7155 7060 8924
4 7945 6152 1279 9007
4 6170 5380 1172 6187
4 7198 1856 6484 4425
4 4405 512 7502 3727
4 4961 8137 2011 8009
4 1004 2127 8229 3941
4 1071 2277 4155 401
4 1115 467 1532 4394
4 5945 4456 1377 8038
4 9965 8907 383 7561
4 4685 3641 3381 6417
4 7937 4442 8886 6799
4 1233 3527 2012 1611
4 2124 9062 6184 6180
4 3302 9752 7963 8000
4 4579 6645 2086 9031
4 3272 7186 9830 7799
4 3795 7821 3174 3817
4 8152 648 7274 1818
4 9986 8238 3318 6517
4 5042 9121 9787 9457
4 384 9580 4599 8534
4 2141 2732 5481 1824
4 3647 480 8576 1972
4 6677 5174 20 8716
4 7104 2746 413 9744
4 9295 1595 3401 2769
4 1734 7734 6104 2038
4 2008 4554 9543 3636
4 2070 4057 1904 8507
4 7927 5047 7275 7333
4 4702 7692 1683 9189
4 5101 6733 8740 8960
4 6782 3905 4173 2373
4 7135 6058 3445 9498
4 854 3258 5401 5853
3 5773 451 9745
3 6495 5271 7791
3 1707 3297 639
3 2115 6852 5098
3 4430 3011 3873
3 8058 9365 3880
3 336 147 37
3 1164 8648 7521
3 1214 7118 6958
3 2080 9368 4359
3 4957 6724 1527
3 5046 9276 4176
3 7201 5566 8108
3 7540 5197 3227
3 443 2927 5429
3 2558 9192 8166
3 2922 2506 8067
3 4788 1445 2201
3 4917 7809 1212
3 5214 5556 2028
3 7409 6623 8084
3 8639 1616 1694
3 1341 4790 1868
3 7896 7480 2002
3 8063 3983 7441
3 3499 9896 4775
3 5653 9187 2463
3 7825 253 7165
3 49 7175 2205
3 976 7884 8897
3 6702 1036 9294
3 7202 6003 6740
3 7961 6364 483
3 1146 5705 3121
3 1830 1761 193
3 4886 8682 6261
3 4964 1339 6202
3 6381 635 1323
3 9307 9414 789
3 3463 4766 2235
3 4509 3092 8753
3 6176 6042 7388
3 7313 5823 6492
3 9568 8139 4558
3 818 7220 5327
3 82 9684 5612
3 4983 1332 9877
3 3792 4335 3883
3 5295 3566 303
3 6107 8059 4882
3 8612 2304 1516
3 3047 9828 2694
3 5772 7116 393
3 7595 6972 2950
3 7757 7662 9272
3 3607 4975 8642
3 3940 8516 1266
3 4135 8263 8347
3 4874 1344 4634
3 5982 5457 6356
3 2727 4742 6569
3 3096 7255 5573
3 2228 3517 5024
3 2274 6353 9535
3 5713 8650 437
3 8338 3022 7878
3 9305 4977 8406
3 2964 5474 1192
3 3896 9459 5505
3 6252 2828 2549
3 636 2705 9582
3 1353 5094 2136
3 3228 1259 3515
3 1210 4907 4549
3 3309 3339 4992
3 4322 53 863
3 7136 5418 5168
3 8485 3573 7425
3 8608 6205 1403
3 887 1464 4789
3 5310 1382 1167
3 7305 8305 6993
3 1851 7499 7092
3 3293 6651 8564
3 4240 7170 6127
3 6168 211 2143
3 7543 8679 1549
3 71 8751 7018
3 4406 8861 7907
3 4925 9730 9251
3 6550 2398 7532
3 7516 5954 3580
3 8322 2295 5621
3 9433 4771 2873
3 1988 6157 7121
3 1203 6676 8900
3 6935 9799 9068
3 8745 8568 5422
3 9129 8609 143
3 7551 9111 8996
3 9866 8677 7581
3 1671 8864 4489
3 4940 7759 613
3 1955 4477 8859
3 5625 3518 3888
3 7145 96 703
3 9795 6578 2775
3 7 3894 6887
3 1812 7764 6446
3 4185 5633 9181
3 9527 7917 6015
3 8116 6110 4238
3 3437 9853 1554
3 4141 8204 8941
3 5383 3828 1021
3 47 9043 2356
3 4131 6365 8379
3 5219 3932 8640
3 7579 6526 9333
3 594 8333 8201
3 1322 5020 6275
3 1450 1735 229
3 2456 4415 7357
3 3114 5449 3933
3 7326 738 7672
3 8465 4883 7395
3 8851 4066 168
3 9552 9880 9678
3 4167 3020 8372
3 2259 6616 6944
3 4235 8187 7946
3 4637 3371 1170
3 7359 2375 5613
3 9 1179 1400
3 3042 8172 8737
3 3142 3352 7964
3 766 1311 8567
3 1094 5869 1127
3 1713 2081 2335
3 7231 3608 511
3 1742 1825 9659
3 4655 8056 1453
3 5006 4801 6323
3 5652 9961 6414
3 1934 6731 6225
3 3686 6121 6078
3 7583 4011 9995
3 9539 3540 958
3 9690 3531 3570
3 532 9920 7686
3 2686 6316 8632
3 5873 7920 6711
3 2962 1889 9003
3 4074 6133 2683
3 4561 9566 6664
3 5494 8824 5410
3 7715 7647 1286
3 9525 6553 3841
3 3844 3885 6008
3 4657 6827 5986
3 8803 4301 4197
3 9263 1837 990
3 727 916 7507
3 2481 706 6148
3 3072 7624 9314
3 8553 8264 6373
3 723 8606 1640
3 1050 4953 6983
3 1895 5336 5356
3 4847 2726 7697
3 7083 850 8498
3 4112 7812 5944
3 4475 7346 6064
3 6129 7613 2297
3 6957 4731 2754
3 2759 2836 2472
3 3357 3692 7197
3 4102 9143 3793
3 7447 7318 1235
3 8250 5518 8019
3 8387 210 5026
3 9235 10 9679
3 9532 6605 7247
3 9917 7278 955
3 62 3137 4942
3 2982 6490 9029
3 4374 208 3543
3 7088 5198 1650
3 2293 4495 5189
3 2736 924 675
3 7196 8176 5908
3 8736 3877 7969
3 1946 9984 4355
3 3519 1584 1461
3 8332 9721 4046
3 954 6296 4774
3 3196 7412 7223
3 213 7103 2621
3 7032 8940 1488
3 7308 2462 3449
3 7648 3037 7815
3 8375 7319 6332
3 859 2718 719
3 4320 404 6243
3 8010 7419 8235
3 9196 6306 2068
3 9946 8430 4330
3 1591 3362 3587
3 2045 6981 9083
3 5163 7993 9726
3 6547 8003 5460
3 9063 385 3547
3 1418 1642 6093
3 1724 4777 4623
3 4076 1718 4840
3 5777 8938 4400
3 6882 1888 2296
3 2060 7286 218
3 2342 5916 115
3 3337 2674 3123
3 4619 2604 1891
3 5904 3323 9859
3 6611 9626 7674
3 7725 8637 5329
3 8193 5118 431
3 8767 5548 2577
3 1568 9908 7397
3 2652 1877 8986
3 3689 5366 8409
3 6178 2907 2242
3 9106 5610 4562
3 992 3498 4877
3 2340 5058 9134
3 4402 2353 1184
3 5172 5644 1321
3 9119 2226 8049
3 2544 7733 3789
3 3155 3485 7496
3 8644 8537 7190
3 1433 5948 6531
3 4490 9374 3935
3 4638 7152 5895
3 4912 1810 316
3 4995 6965 1796
3 9966 6534 977
3 1621 263 8164
3 2642 1040 5834
3 3170 4038 6126
3 3672 7356 3226
3 6558 1159 6541
3 9747 6988 4796
3 586 3892 771
3 2085 7983 1161
3 2749 9550 1574
3 3648 2165 6698
3 3775 6721 8808
3 120 7673 4826
3 201 8487 3324
3 3757 6451 8766
3 5729 3978 4632
3 8626 9464 3431
3 9344 3913 5511
3 9576 4989 6448
3 3542 6336 8061
3 3781 6010 9372
3 5686 2872 3178
3 6038 750 9261
3 6913 2160 9227
3 7451 1197 1502
2 7494 6036
2 7851 6856
2 8601 7526
2 3257 3126
2 4139 4521
2 7643 3944
2 6571 3673
2 8478 520
2 774 2095
2 4550 1965
2 5931 5649
2 6567 3223
2 7148 3375
2 8138 5835
2 8397 9546
2 2628 5970
2 3889 7363
2 5156 2516
2 7464 4555
2 7545 3134
2 7814 597
2 403 915
2 1763 9879
2 2323 2575
2 3593 206
2 8186 2241
2 9542 7610
2 328 464
2 676 8617
2 2862 3379
2 2870 7594
2 4150 2308
2 4244 1152
2 6134 6188
2 9302 8697
2 2795 9864
2 3112 9072
2 3376 5451
2 3475 4960
2 4058 5547
2 6537 5530
2 7862 6220
2 18 1598
2 2300 9761
2 8997 1010
2 9151 6320
2 9275 5559
2 9713 6769
2 58 151
2 4959 5017
2 6467 1073
2 6927 9848
2 7079 6994
2 8865 7818
2 9559 4875
2 1383 7617
2 2036 9092
2 2213 8683
2 2814 2804
2 4390 2806
2 5081 11
2 4044 1178
2 7316 2952
2 8233 6985
2 8242 1429
2 8267 5332
2 9900 4064
2 3451 2536
2 3708 8168
2 3840 5898
2 3869 6377
2 8115 9776
2 4480 5170
2 8259 6350
2 1711 8652
2 5609 1522
2 6147 7592
2 6171 5551
2 7166 709
2 7445 9161
2 7703 4293
2 8506 688
2 9528 8134
2 446 5758
2 778 4884
2 2123 6984
2 3842 6680
2 5845 2802
2 8616 6193
2 8849 3167
2 1160 7489
2 2305 834
2 8079 2055
2 9243 9602
2 9320 3677
2 9873 145
2 1049 7524
2 1839 9299
2 1936 4222
2 2267 6384
2 3526 5671
2 3583 5776
2 5540 9286
2 8094 4043
2 245 6932
2 654 9340
2 1136 171
2 2243 6757
2 2313 6602
2 4837 2592
2 5096 8956
2 8101 8684
2 333 912
2 1552 8529
2 2023 6738
2 6050 9741
2 6123 4134
2 6359 6777
2 8167 4367
2 9605 1378
2 1509 2461
2 5359 7413
2 7267 9675
2 7944 3579
2 9514 9359
2 2985 4871
2 3950 7522
2 4284 4559
2 5136 9507
2 5324 9588
2 7726 1787
2 8509 7209
2 9921 3544
2 687 1116
2 2944 7249
2 4551 1833
2 5854 4126
2 7385 4786
2 7953 4474
2 8036 8453
2 8286 5325
2 373 5207
2 2282 970
2 2920 5919
2 4902 87
2 6300 6367
2 6580 995
2 7008 9390
2 1767 3745
2 2535 9907
2 3106 4200
2 4498 1636
2 5209 8342
2 6842 6231
2 8367 797
2 9784 2809
2 1231 1765
2 1845 9746
2 3618 297
2 3632 2203
2 3899 8247
2 6481 1998
2 7466 2106
2 9289 8363
2 65 8659
2 1427 730
2 2817 1508
2 3253 6
2 7922 7026
2 5665 1096
2 6060 236
2 8348 9871
2 9856 7824
2 177 9341
2 4690 3811
2 5600 3496
2 6989 8929
2 8701 7250
2 9283 3736
2 9722 7041
2 463 1122
2 7700 8501
2 9732 5131
2 9942 8132
2 593 513
2 2994 3945
2 3002 6577
2 5622 1820
2 7756 5803
2 8026 1129
2 1359 8297
2 3083 1044
2 4151 7558
2 4965 6313
2 8346 877
2 8563 4412
2 780 7253
2 1996 5839
2 2572 4717
2 2941 1712
2 4516 1205
2 6582 4617
2 6638 1261
2 7050 1620
2 8047 7218
2 8721 6415
2 9691 9649
2 1357 844
2 1817 3561
2 3229 1975
2 7212 1154
2 8834 9629
2 2619 1117
2 6329 7215
2 8253 1726
2 9252 7153
2 745 6198
2 1085 5013
2 2364 4565
2 9778 5007
2 522 5074
2 1336 2320
2 1372 5902
2 2571 1483
2 4137 2573
2 4951 7443
2 5962 9718
2 9366 139
2 103 2957
2 717 3062
2 2009 4361
2 3356 5061
2 4582 1361
2 6363 6226
2 8839 2125
2 9443 5462
2 9779 9425
2 251 5593
2 565 9511
2 1861 9569
2 2112 5476
2 4351 8722
2 6477 8670
2 8477 8714
2 9751 6703
2 67 3655
2 2647 7149
2 6426 4093
2 2351 6498
2 5891 9499
2 5909 2486
2 8811 1963
